Query 0: (2176, 76608) (1, 399470) (2, 410871) (3, 416693) (4, 437699)
Query 1: (2781, 65973) (0, 372753) (2, 389803) (3, 392543) (4, 393037)
Query 2: (2707, 42740) (2, 126023) (0, 136143) (1, 154554) (3, 170751)
Query 3: (9843, 46301) (0, 429605) (3, 446835) (2, 454657) (4, 461823)
Query 4: (4719, 62755) (2, 145638) (4, 175418) (1, 195053) (3, 211188)
Query 5: (1097, 75708) (0, 353078) (3, 353228) (2, 377790) (4, 394636)
Query 6: (2456, 60816) (2, 385295) (1, 399442) (4, 402963) (3, 422743)
Query 7: (5447, 30258) (2, 403021) (0, 403929) (1, 415174) (3, 423447)
Query 8: (9628, 61739) (2, 95606) (4, 138532) (1, 150495) (3, 155864)
Query 9: (4764, 62507) (2, 132791) (1, 158144) (4, 159637) (3, 173473)
Query 10: (1218, 86367) (1, 372582) (2, 374577) (3, 395249) (4, 398429)
Query 11: (4697, 29640) (4, 90040) (0, 97576) (1, 98277) (3, 98488)
Query 12: (2113, 56906) (1, 408915) (2, 424598) (3, 438980) (4, 442508)
Query 13: (3609, 59867) (2, 367445) (4, 398449) (1, 422890) (3, 442843)
Query 14: (797, 74702) (3, 162793) (0, 169973) (2, 173995) (4, 189069)
Query 15: (5326, 64355) (0, 80874) (4, 130282) (1, 175441) (3, 183010)
Query 16: (3829, 61603) (1, 386222) (2, 412191) (3, 412257) (4, 421557)
Query 17: (4096, 64839) (1, 397677) (2, 402002) (4, 419760) (3, 422516)
Query 18: (903, 71230) (3, 151691) (0, 165525) (2, 166707) (4, 229939)
Query 19: (1699, 50513) (1, 387381) (2, 414536) (3, 423978) (4, 429214)
Query 20: (7462, 37243) (0, 134962) (4, 138918) (3, 212338) (1, 213785)
Query 21: (4490, 6536) (1, 97900) (3, 101081) (4, 106861) (0, 107489)
Query 22: (4957, 29947) (3, 80147) (2, 104701) (0, 118579) (4, 152621)
Query 23: (8335, 64486) (2, 144664) (0, 147808) (1, 195665) (3, 199266)
Query 24: (4630, 23786) (1, 95544) (4, 103997) (3, 109149) (0, 109433)
Query 25: (5300, 73772) (0, 167580) (1, 179025) (3, 183016) (4, 201262)
Query 26: (9899, 33651) (1, 113546) (2, 128293) (0, 134493) (4, 142117)
Query 27: (5963, 30806) (0, 126181) (1, 131476) (3, 133385) (4, 136405)
Query 28: (4472, 50562) (3, 137878) (2, 159846) (0, 162968) (4, 166662)
Query 29: (5453, 15720) (2, 165917) (0, 186457) (1, 212050) (3, 213783)
Query 30: (5207, 70425) (2, 133194) (1, 143811) (3, 146764) (4, 196486)
Query 31: (5559, 11923) (0, 153288) (1, 163491) (2, 165502) (4, 168108)
Query 32: (5300, 35180) (1, 134931) (3, 136592) (0, 143922) (4, 154030)
Query 33: (7277, 107767) (0, 382810) (1, 386715) (2, 398178) (3, 431298)
Query 34: (7058, 61779) (3, 142616) (2, 169504) (0, 174458) (4, 213946)
Query 35: (5841, 14635) (1, 366609) (2, 379980) (4, 396124) (3, 402040)
Query 36: (5842, 12423) (1, 382854) (2, 400861) (3, 415719) (4, 421723)
Query 37: (5184, 27841) (2, 370344) (1, 377083) (3, 391232) (4, 403006)
Query 38: (5023, 24448) (2, 213538) (1, 214193) (3, 232644) (4, 236944)
Query 39: (4677, 37627) (1, 162172) (2, 203953) (4, 207839) (0, 215153)
Query 40: (8307, 23582) (4, 129345) (3, 130239) (2, 144585) (0, 159361)
Query 41: (4643, 40198) (1, 407204) (2, 418645) (4, 425861) (3, 431323)
Query 42: (5224, 56061) (2, 119868) (1, 168125) (3, 177078) (4, 191596)
Query 43: (6302, 27337) (3, 137533) (4, 139933) (2, 157705) (0, 158219)
Query 44: (5428, 65717) (0, 425049) (3, 437293) (4, 437859) (2, 438179)
Query 45: (8979, 68310) (0, 188159) (4, 192239) (1, 215278) (3, 217225)
Query 46: (5880, 9926) (2, 392636) (4, 418274) (1, 427119) (3, 453580)
Query 47: (5641, 86668) (1, 341360) (2, 346911) (4, 368075) (3, 371671)
Query 48: (5213, 24262) (3, 178332) (0, 214356) (2, 218816) (4, 226818)
Query 49: (5084, 16585) (3, 106821) (2, 117159) (0, 126521) (4, 156969)
Query 50: (5653, 32812) (2, 207452) (0, 210822) (1, 221279) (3, 222688)
Query 51: (6123, 17112) (1, 162527) (4, 209638) (2, 220134) (0, 227902)
Query 52: (5673, 39512) (4, 119879) (0, 124815) (3, 125311) (1, 132458)
Query 53: (8612, 37705) (0, 153307) (4, 153499) (1, 168340) (3, 169011)
Query 54: (6158, 25379) (2, 415445) (1, 420516) (4, 427075) (3, 434995)
Query 55: (5830, 33872) (1, 424266) (3, 432415) (2, 447735) (4, 448419)
Query 56: (4903, 36380) (3, 93650) (2, 107736) (0, 116598) (4, 131936)
Query 57: (5211, 27938) (0, 401310) (3, 413766) (2, 417288) (4, 424612)
Query 58: (7237, 4322) (2, 181285) (0, 202055) (3, 203839) (1, 205760)
Query 59: (6834, 13091) (0, 442971) (2, 444433) (1, 469064) (3, 478199)
Query 60: (5278, 29005) (1, 131503) (4, 181170) (0, 181694) (2, 182298)
Query 61: (8402, 19700) (1, 167462) (2, 168859) (3, 182979) (0, 183311)
Query 62: (6560, 17332) (3, 243761) (2, 246825) (0, 258793) (4, 259079)
Query 63: (6321, 9009) (1, 170445) (4, 217800) (2, 219320) (0, 236328)
Query 64: (5635, 19120) (3, 213591) (4, 246541) (0, 251535) (2, 257353)
Query 65: (6405, 30061) (1, 409274) (3, 430161) (2, 433009) (4, 450629)
Query 66: (5390, 40347) (3, 191785) (4, 238181) (2, 268193) (0, 280447)
Query 67: (6857, 50277) (0, 372208) (3, 375826) (2, 391654) (4, 393976)
Query 68: (5199, 40526) (2, 100268) (0, 119098) (3, 186274) (1, 190559)
Query 69: (5877, 71189) (2, 176973) (1, 181182) (3, 197965) (4, 222151)
Query 70: (6124, 2192) (3, 205741) (4, 242531) (2, 246567) (0, 253331)
Query 71: (5826, 37510) (2, 180952) (4, 216132) (1, 273915) (3, 276048)
Query 72: (6609, 91937) (2, 155066) (1, 161849) (3, 180358) (4, 200232)
Query 73: (6853, 53111) (3, 219702) (0, 237936) (4, 241648) (2, 253100)
Query 74: (7364, 17186) (1, 113354) (2, 136315) (0, 148423) (4, 164049)
Query 75: (6553, 44970) (0, 185548) (1, 191729) (2, 194008) (3, 207124)
Query 76: (7903, 63130) (3, 395703) (0, 414957) (2, 433423) (4, 459473)
Query 77: (8578, 86269) (2, 234092) (3, 235946) (1, 236017) (4, 266592)
Query 78: (9208, 51469) (2, 102711) (4, 113921) (1, 151984) (3, 158471)
Query 79: (6070, 21953) (2, 425955) (0, 427635) (3, 430631) (1, 431126)
Query 80: (7451, 21407) (1, 373091) (3, 394466) (2, 399012) (4, 418394)
Query 81: (3086, 76629) (0, 153009) (2, 154375) (3, 157071) (4, 180341)
Query 82: (9164, 73974) (3, 164082) (2, 167690) (0, 170198) (4, 217498)
Query 83: (6005, 32981) (2, 157357) (0, 160343) (3, 166549) (1, 170530)
Query 84: (8894, 37125) (0, 120912) (2, 126212) (1, 134139) (3, 142244)
Query 85: (8354, 81286) (3, 299791) (0, 349607) (4, 356205) (2, 366047)
Query 86: (9151, 50583) (3, 376256) (0, 377622) (2, 401198) (4, 403836)
Query 87: (7722, 15267) (3, 350857) (0, 355399) (2, 370447) (4, 394835)
Query 88: (7098, 5637) (0, 389707) (3, 393985) (2, 408001) (4, 433367)
Query 89: (7627, 13118) (4, 399173) (1, 405588) (2, 406029) (3, 426531)
Query 90: (9258, 2546) (2, 96764) (1, 99131) (0, 110000) (4, 137460)
Query 91: (8896, 88820) (1, 229720) (0, 264715) (2, 269455) (4, 324699)
Query 92: (8356, 20012) (3, 183632) (2, 239184) (4, 243860) (0, 248000)
Query 93: (8978, 55119) (1, 127273) (2, 209032) (4, 213782) (0, 221132)
Query 94: (8419, 25783) (3, 248059) (4, 279987) (2, 291547) (0, 301509)
Query 95: (9205, 93264) (2, 392584) (1, 396547) (3, 398010) (4, 403616)
Query 96: (7512, 81676) (3, 179411) (4, 190839) (2, 194109) (0, 204373)
Query 97: (8825, 54537) (3, 201976) (0, 242130) (2, 254758) (4, 258704)
Query 98: (5460, 18887) (2, 158127) (0, 167753) (3, 199143) (1, 202318)
Query 99: (8082, 34082) (1, 179707) (2, 247418) (0, 251034) (4, 276558)
