Query 0: (2176, 76608) (3752, 77004) (882, 79702) (4009, 80450) (2837, 80995)
Query 1: (2781, 65973) (9574, 67555) (2492, 69114) (1322, 69130) (3136, 70189)
Query 2: (2707, 42740) (9938, 48163) (2698, 49529) (9972, 51859) (6995, 58445)
Query 3: (9843, 46301) (9825, 47021) (9574, 55761) (9582, 58664) (4097, 62311)
Query 4: (4719, 62755) (5164, 66326) (1671, 70261) (1538, 71437) (5897, 78055)
Query 5: (1097, 75708) (1239, 82658) (4943, 86330) (3227, 90315) (804, 92913)
Query 6: (2456, 60816) (3013, 63916) (1682, 65436) (8581, 65590) (2774, 66738)
Query 7: (5447, 30258) (5868, 31587) (3109, 38574) (5671, 39030) (4597, 42063)
Query 8: (9628, 61739) (3382, 65646) (7828, 67087) (1098, 67152) (4391, 69667)
Query 9: (4764, 62507) (4719, 63364) (5609, 64862) (9013, 69020) (1538, 69366)
Query 10: (1218, 86367) (645, 95428) (693, 95671) (804, 96730) (496, 97834)
Query 11: (4697, 29640) (4762, 42687) (8566, 50393) (4726, 50674) (6489, 51682)
Query 12: (2113, 56906) (130, 62536) (506, 63121) (128, 63790) (9692, 63876)
Query 13: (3609, 59867) (9815, 65915) (9574, 67431) (1564, 68714) (9663, 72024)
Query 14: (797, 74702) (714, 77455) (69, 79942) (1019, 83174) (1881, 84860)
Query 15: (5326, 64355) (409, 64935) (3818, 65922) (9747, 66266) (1892, 67122)
Query 16: (3829, 61603) (9713, 61665) (9595, 62834) (8547, 65122) (2578, 65187)
Query 17: (4096, 64839) (3138, 68044) (1292, 69316) (9629, 69396) (9805, 69525)
Query 18: (903, 71230) (872, 72107) (1791, 75263) (1638, 75956) (2393, 76465)
Query 19: (1699, 50513) (9806, 52998) (9576, 54520) (107, 56122) (144, 57385)
Query 20: (7462, 37243) (7217, 37345) (7027, 38419) (5557, 39538) (6757, 39936)
Query 21: (4490, 6536) (4457, 7697) (9102, 42974) (4915, 47776) (8047, 48585)
Query 22: (4957, 29947) (4784, 30850) (5408, 33358) (5525, 39771) (5718, 39833)
Query 23: (8335, 64486) (7905, 64962) (7123, 65883) (7849, 67622) (7817, 68422)
Query 24: (4630, 23786) (4554, 24507) (4623, 36552) (652, 53861) (5302, 57341)
Query 25: (5300, 73772) (5947, 82121) (6422, 83409) (3011, 85742) (268, 87022)
Query 26: (9899, 33651) (6827, 39881) (4492, 48408) (4683, 49773) (5406, 50322)
Query 27: (5963, 30806) (5865, 40356) (6161, 45177) (5969, 48609) (8926, 51742)
Query 28: (4472, 50562) (4461, 52821) (8189, 53074) (6827, 55630) (5541, 55664)
Query 29: (5453, 15720) (5232, 28164) (5195, 29196) (6162, 33889) (6406, 34362)
Query 30: (5207, 70425) (7637, 71293) (8549, 74096) (1649, 75054) (1020, 75813)
Query 31: (5559, 11923) (4995, 16117) (4962, 30896) (5330, 53662) (4870, 57816)
Query 32: (5300, 35180) (5407, 54181) (4956, 55811) (4783, 60814) (6030, 62760)
Query 33: (7277, 107767) (3933, 115670) (9055, 121456) (8150, 123488) (8530, 124655)
Query 34: (7058, 61779) (8862, 68887) (6346, 74087) (5715, 75531) (5902, 75590)
Query 35: (5841, 14635) (5866, 19699) (6707, 32255) (5376, 69466) (1884, 82992)
Query 36: (5842, 12423) (5867, 19638) (6708, 25571) (4272, 79936) (8534, 81089)
Query 37: (5184, 27841) (4997, 61439) (8144, 89050) (7936, 91430) (2841, 92874)
Query 38: (5023, 24448) (5500, 25359) (5177, 26255) (6187, 31436) (5341, 46024)
Query 39: (4677, 37627) (5074, 40910) (7002, 43072) (9841, 44423) (7218, 44432)
Query 40: (8307, 23582) (4773, 34363) (4867, 35418) (5214, 37612) (5163, 37797)
Query 41: (4643, 40198) (7391, 41074) (4564, 41455) (440, 42704) (560, 45484)
Query 42: (5224, 56061) (8105, 60226) (7135, 61460) (4390, 65204) (1464, 67000)
Query 43: (6302, 27337) (5144, 37494) (4978, 74193) (6416, 79703) (6933, 80122)
Query 44: (5428, 65717) (468, 66090) (5930, 67644) (7249, 67920) (322, 68068)
Query 45: (8979, 68310) (5560, 70577) (6085, 70836) (4996, 72577) (4460, 73549)
Query 46: (5880, 9926) (9669, 46533) (8997, 50179) (8218, 51108) (8259, 54822)
Query 47: (5641, 86668) (3948, 97919) (6707, 98894) (2890, 103253) (3292, 105067)
Query 48: (5213, 24262) (5750, 46498) (5772, 70390) (5437, 75731) (976, 83312)
Query 49: (5084, 16585) (5138, 29721) (4742, 46232) (168, 47163) (4743, 48305)
Query 50: (5653, 32812) (5012, 39842) (6627, 48319) (8060, 65839) (5110, 71374)
Query 51: (6123, 17112) (6192, 40160) (6343, 48323) (6703, 61667) (2591, 64579)
Query 52: (5673, 39512) (8480, 48730) (2385, 49138) (2256, 50948) (6455, 51563)
Query 53: (8612, 37705) (2640, 51902) (5997, 54346) (1321, 58153) (92, 63267)
Query 54: (6158, 25379) (6167, 26975) (4798, 27102) (6709, 27154) (6983, 27766)
Query 55: (5830, 33872) (6004, 38996) (5499, 39170) (5115, 43185) (5999, 45016)
Query 56: (4903, 36380) (5978, 43707) (4730, 44400) (4484, 44434) (4678, 44777)
Query 57: (5211, 27938) (5284, 44812) (5637, 48628) (7374, 51663) (9922, 56506)
Query 58: (7237, 4322) (7024, 79393) (7700, 91571) (9958, 99946) (7287, 102263)
Query 59: (6834, 13091) (6316, 13724) (6612, 15670) (6648, 19651) (7171, 19729)
Query 60: (5278, 29005) (4472, 69708) (4490, 70405) (4457, 72012) (6930, 73240)
Query 61: (8402, 19700) (8564, 23102) (6354, 58707) (8906, 62095) (1890, 62398)
Query 62: (6560, 17332) (7269, 33145) (6911, 37334) (6202, 41445) (6268, 42856)
Query 63: (6321, 9009) (6413, 15432) (5989, 17823) (7094, 23231) (6440, 43167)
Query 64: (5635, 19120) (5440, 51449) (6937, 57935) (9058, 59518) (7082, 61202)
Query 65: (6405, 30061) (5504, 48339) (6022, 50263) (6712, 54293) (798, 54976)
Query 66: (5390, 40347) (5669, 50940) (7346, 52922) (7758, 58297) (5242, 61463)
Query 67: (6857, 50277) (8162, 59652) (7881, 63019) (8279, 64201) (6638, 67717)
Query 68: (5199, 40526) (1478, 40536) (9893, 41116) (5073, 41282) (603, 42805)
Query 69: (5877, 71189) (3049, 72112) (6214, 76236) (3368, 76297) (7058, 80582)
Query 70: (6124, 2192) (6430, 6459) (5912, 10155) (6804, 12555) (7486, 17498)
Query 71: (5826, 37510) (5885, 42313) (5155, 49640) (7157, 63671) (6342, 64196)
Query 72: (6609, 91937) (933, 102482) (9769, 102867) (4315, 104092) (3953, 104150)
Query 73: (6853, 53111) (2771, 83805) (4240, 83865) (3239, 85200) (3802, 87371)
Query 74: (7364, 17186) (5541, 48409) (9547, 48622) (2085, 49367) (8190, 49996)
Query 75: (6553, 44970) (7616, 64907) (1234, 86588) (6297, 88680) (2726, 89589)
Query 76: (7903, 63130) (7367, 65534) (2805, 78869) (1236, 79765) (3108, 81330)
Query 77: (8578, 86269) (8275, 89329) (5332, 94088) (9153, 100973) (2092, 101066)
Query 78: (9208, 51469) (9792, 60278) (4623, 64962) (9464, 67019) (8894, 68084)
Query 79: (6070, 21953) (8069, 25733) (5967, 26040) (8486, 29307) (7489, 32480)
Query 80: (7451, 21407) (7188, 53312) (7742, 78999) (7587, 88153) (6345, 89572)
Query 81: (3086, 76629) (6408, 87267) (4951, 88389) (5088, 89225) (1548, 91425)
Query 82: (9164, 73974) (51, 75017) (390, 77684) (90, 78533) (64, 78602)
Query 83: (6005, 32981) (6778, 38804) (8480, 56486) (5051, 62195) (7943, 63763)
Query 84: (8894, 37125) (2467, 54684) (9464, 61684) (5121, 62331) (5879, 62733)
Query 85: (8354, 81286) (8725, 93399) (6144, 109541) (7927, 115581) (7584, 119922)
Query 86: (9151, 50583) (5743, 65169) (6750, 70254) (6843, 77164) (5474, 79399)
Query 87: (7722, 15267) (5690, 46667) (8011, 47496) (6587, 53457) (8734, 54809)
Query 88: (7098, 5637) (6901, 18239) (8899, 23845) (7065, 24185) (9224, 26703)
Query 89: (7627, 13118) (7118, 24756) (6079, 36681) (6245, 42610) (5507, 43277)
Query 90: (9258, 2546) (9417, 3680) (6491, 24409) (4855, 24847) (103, 26615)
Query 91: (8896, 88820) (9993, 95463) (3937, 98715) (763, 100794) (9240, 101649)
Query 92: (8356, 20012) (7797, 60128) (956, 86216) (908, 93601) (580, 94853)
Query 93: (8978, 55119) (1088, 66739) (5433, 67557) (7218, 70615) (7463, 72209)
Query 94: (8419, 25783) (8099, 55874) (7678, 60507) (7486, 65800) (8608, 67845)
Query 95: (9205, 93264) (1185, 98194) (9682, 98432) (7271, 101753) (2265, 103007)
Query 96: (7512, 81676) (5332, 92147) (7939, 101357) (266, 102534) (2126, 104301)
Query 97: (8825, 54537) (9081, 92261) (6142, 92441) (5072, 96910) (6234, 99499)
Query 98: (5460, 18887) (5439, 19293) (5810, 19311) (6882, 20308) (5773, 20580)
Query 99: (8082, 34082) (8782, 55171) (4767, 95239) (9163, 96350) (9942, 101723)
