Query 0: (3752, 76269) (2176, 77121) (882, 79132) (4009, 80209) (2837, 80530)
Query 1: (2781, 66068) (9574, 67472) (2492, 69643) (1322, 69771) (3136, 70939)
Query 2: (2707, 41502) (9938, 47111) (2698, 48886) (9972, 50331) (6995, 56831)
Query 3: (9843, 45972) (9825, 46176) (9574, 54480) (9582, 58948) (4097, 60128)
Query 4: (4719, 63570) (5164, 67076) (1671, 69456) (1538, 72123) (5897, 78022)
Query 5: (1097, 76133) (1239, 81685) (4943, 86941) (3227, 90050) (804, 92927)
Query 6: (2456, 60000) (3013, 62139) (8581, 64842) (2774, 66057) (1682, 66095)
Query 7: (5447, 30748) (5868, 32092) (3109, 40080) (5671, 40168) (4597, 42710)
Query 8: (9628, 61579) (3382, 65970) (7828, 67080) (1098, 67085) (4391, 68584)
Query 9: (4764, 62184) (4719, 62377) (5609, 63221) (9013, 68149) (1538, 68903)
Query 10: (1218, 86532) (693, 94650) (645, 95227) (804, 97891) (496, 98152)
Query 11: (4697, 28968) (4762, 41748) (4726, 50431) (1359, 50708) (6489, 50960)
Query 12: (2113, 56814) (130, 62190) (506, 62690) (128, 63323) (9692, 64115)
Query 13: (3609, 60034) (9815, 66367) (9574, 67043) (1564, 67939) (9663, 73136)
Query 14: (797, 74510) (714, 77339) (69, 79152) (1019, 82565) (1881, 83820)
Query 15: (5326, 63656) (409, 63688) (9747, 65944) (5091, 67125) (3818, 67203)
Query 16: (3829, 60313) (9713, 60971) (9595, 62907) (8547, 65419) (2578, 65546)
Query 17: (4096, 63703) (9805, 67966) (3138, 67999) (1292, 68249) (9629, 68397)
Query 18: (872, 71151) (903, 71374) (1791, 75301) (891, 75468) (1638, 76028)
Query 19: (1699, 49398) (9806, 51956) (9576, 55169) (107, 55809) (144, 56639)
Query 20: (7462, 36160) (7027, 37625) (7217, 37877) (5557, 38846) (9067, 39033)
Query 21: (4490, 6098) (4457, 6329) (9102, 42965) (4915, 45953) (8047, 47654)
Query 22: (4784, 29788) (4957, 30172) (5408, 33248) (5525, 38923) (5718, 39197)
Query 23: (8335, 63008) (7905, 64106) (7123, 64242) (7849, 65465) (7817, 67818)
Query 24: (4554, 23537) (4630, 23854) (4623, 36432) (652, 53248) (5302, 56975)
Query 25: (5300, 74229) (5947, 80535) (6422, 83992) (3011, 86166) (8663, 87190)
Query 26: (9899, 33275) (6827, 39843) (4492, 47830) (4683, 48421) (4461, 49361)
Query 27: (5963, 31005) (5865, 39734) (6161, 44586) (5969, 47679) (8926, 51616)
Query 28: (4472, 49613) (4461, 52046) (8189, 53078) (5541, 55345) (7039, 56705)
Query 29: (5453, 16366) (5195, 27797) (5232, 27859) (6162, 32630) (6406, 34374)
Query 30: (5207, 70416) (7637, 70583) (8549, 74049) (4777, 74957) (5938, 75031)
Query 31: (5559, 10567) (4995, 15695) (4962, 29970) (5330, 52866) (4870, 57560)
Query 32: (5300, 36149) (4956, 53930) (5407, 53950) (4783, 60287) (6030, 62501)
Query 33: (7277, 106622) (3933, 115379) (9055, 120793) (8530, 123648) (8150, 124416)
Query 34: (7058, 61984) (8862, 68848) (6346, 74465) (5902, 74756) (3049, 75231)
Query 35: (5841, 15076) (5866, 19488) (6707, 33362) (5376, 69562) (1884, 83277)
Query 36: (5842, 12152) (5867, 20151) (6708, 25017) (4272, 79366) (8534, 80165)
Query 37: (5184, 27456) (4997, 61241) (8144, 89620) (7936, 91079) (2841, 93276)
Query 38: (5023, 24130) (5177, 25966) (5500, 26112) (6187, 30883) (5341, 45439)
Query 39: (4677, 38417) (5074, 41172) (7002, 42900) (9721, 43019) (9841, 43508)
Query 40: (8307, 24634) (4773, 34478) (4867, 35270) (5163, 37219) (5214, 38122)
Query 41: (4643, 40966) (4564, 41800) (7391, 42043) (440, 42449) (560, 45989)
Query 42: (5224, 55970) (8105, 60396) (7135, 61200) (4390, 64802) (1464, 66433)
Query 43: (6302, 27257) (5144, 37304) (4978, 73532) (6416, 78467) (5219, 80254)
Query 44: (468, 64771) (5428, 65709) (322, 67202) (7249, 67358) (8615, 68038)
Query 45: (8979, 68267) (6085, 70281) (5560, 70286) (4996, 72269) (4460, 72835)
Query 46: (5880, 8013) (9669, 44513) (8997, 50378) (8218, 51009) (8259, 55170)
Query 47: (5641, 86881) (3948, 98233) (6707, 98668) (2890, 102861) (3292, 103849)
Query 48: (5213, 21876) (5750, 45137) (5772, 70902) (5437, 76368) (976, 82355)
Query 49: (5084, 16240) (5138, 29809) (4742, 45859) (168, 46429) (4743, 47209)
Query 50: (5653, 31329) (5012, 37480) (6627, 47159) (8060, 66166) (5110, 69829)
Query 51: (6123, 16090) (6192, 39200) (6343, 46244) (6703, 60872) (2591, 64470)
Query 52: (5673, 39882) (2385, 47586) (8480, 48742) (2256, 50351) (6455, 51537)
Query 53: (8612, 37621) (2640, 53004) (5997, 54300) (1321, 56623) (92, 63458)
Query 54: (6158, 24005) (6709, 25674) (6167, 25701) (4798, 26744) (7177, 27087)
Query 55: (5830, 34773) (5499, 39338) (6004, 39696) (5115, 42655) (5999, 44813)
Query 56: (4903, 35009) (5978, 43486) (4730, 44271) (4484, 44387) (7641, 45731)
Query 57: (5211, 28764) (5284, 45776) (5637, 47962) (7374, 51687) (9922, 55811)
Query 58: (7237, 3582) (7024, 77951) (7700, 90950) (9958, 99220) (7287, 101480)
Query 59: (6316, 13084) (6834, 13728) (6612, 15575) (6648, 18714) (7171, 20203)
Query 60: (5278, 29612) (4472, 70085) (4490, 70897) (4457, 71128) (6930, 73839)
Query 61: (8402, 18355) (8564, 23458) (6354, 59193) (8906, 61635) (1890, 62564)
Query 62: (6560, 16734) (7269, 33857) (6911, 38168) (6202, 40864) (6268, 43444)
Query 63: (6321, 8767) (6413, 14003) (5989, 17524) (7094, 22817) (6440, 42162)
Query 64: (5635, 19520) (5440, 50986) (6937, 58057) (9058, 58106) (7082, 61513)
Query 65: (6405, 28787) (5504, 48640) (6022, 50897) (798, 54050) (6712, 54170)
Query 66: (5390, 40281) (5669, 49563) (7346, 53754) (7758, 57402) (5242, 60472)
Query 67: (6857, 49516) (8162, 58375) (7881, 61893) (8279, 63924) (6638, 66153)
Query 68: (5073, 40392) (1478, 40454) (5199, 41471) (9893, 41543) (603, 41924)
Query 69: (3049, 69573) (5877, 69736) (3368, 75671) (6214, 76036) (9719, 80030)
Query 70: (6124, 2202) (6430, 6099) (5912, 10557) (6804, 13543) (7486, 16948)
Query 71: (5826, 36454) (5885, 42076) (5155, 49397) (6342, 62212) (7157, 64070)
Query 72: (6609, 92781) (9769, 101434) (933, 102685) (4315, 102834) (3953, 102978)
Query 73: (6853, 53874) (2771, 83388) (3239, 84003) (4240, 84460) (7744, 87791)
Query 74: (7364, 16489) (5541, 47149) (9547, 47994) (8190, 48553) (2085, 49130)
Query 75: (6553, 44889) (7616, 66420) (1234, 87397) (2726, 88027) (6297, 89142)
Query 76: (7903, 63465) (7367, 64585) (2805, 78524) (1236, 80795) (3108, 80822)
Query 77: (8578, 86686) (8275, 90086) (5332, 93288) (9153, 101176) (2092, 101428)
Query 78: (9208, 51095) (9792, 58645) (4623, 64630) (8894, 66443) (9464, 67352)
Query 79: (6070, 21105) (8069, 24937) (5967, 26582) (8486, 29202) (7489, 30690)
Query 80: (7451, 20673) (7188, 53924) (7742, 80203) (7587, 88784) (6345, 90440)
Query 81: (3086, 77155) (6408, 85603) (4951, 86805) (5088, 87834) (3766, 90713)
Query 82: (9164, 74180) (51, 75704) (390, 77392) (64, 77730) (90, 77787)
Query 83: (6005, 32134) (6778, 38648) (8480, 56573) (5051, 62699) (1478, 63391)
Query 84: (8894, 36323) (2467, 53228) (9464, 61554) (3403, 61591) (5879, 62111)
Query 85: (8354, 79389) (8725, 95271) (6144, 108635) (7927, 115427) (7584, 120091)
Query 86: (9151, 49430) (5743, 64617) (6750, 69885) (6843, 77069) (5690, 78225)
Query 87: (7722, 14250) (5690, 44713) (8011, 46667) (6587, 52469) (8734, 53308)
Query 88: (7098, 4135) (6901, 16781) (7065, 24003) (8899, 24223) (9224, 25529)
Query 89: (7627, 12853) (7118, 23514) (6079, 37803) (5507, 42530) (6245, 42903)
Query 90: (9258, 2432) (9417, 2606) (6491, 24685) (4855, 25169) (103, 27476)
Query 91: (8896, 88041) (9993, 95372) (3937, 98556) (763, 100256) (9240, 101372)
Query 92: (8356, 20193) (7797, 60031) (956, 85026) (908, 93307) (580, 94982)
Query 93: (8978, 55394) (1088, 65651) (5433, 66105) (7218, 70699) (7463, 70771)
Query 94: (8419, 26335) (8099, 55110) (7678, 58561) (7486, 64084) (8608, 65844)
Query 95: (9205, 92465) (1185, 96719) (9682, 96857) (2265, 101718) (7271, 102950)
Query 96: (7512, 81601) (5332, 92916) (7939, 100475) (266, 102513) (2126, 103445)
Query 97: (8825, 52600) (9081, 90968) (6142, 91696) (5072, 94444) (6234, 97540)
Query 98: (5460, 18134) (5810, 19153) (5439, 19483) (5773, 19650) (6882, 20582)
Query 99: (8082, 33424) (8782, 54286) (4767, 94170) (9163, 95703) (9942, 100978)